1870 0.001
1871 0.001
1872 0.001
1873 0.001
1874 0.001
1875 0.001
1876 0.001
1877 0.001
1878 0.001
1879 0.001
1880 0.001
1881 0.001
1882 0.001
1883 0.001
1884 0.001
1885 0.001
1886 0.001
1887 0.001
1888 0.001
1889 0.001
1890 0.001
1891 0.001
1892 0.001
1893 0.001
1894 0.002
1895 0.002
1896 0.002
1897 0.002
1898 0.002
1899 0.002
1900 0.002
1901 0.002
1902 0.002
1903 0.002
1904 0.002
1905 0.002
1906 0.003
1907 0.003
1908 0.003
1909 0.003
1910 0.003
1911 0.003
1912 0.003
1913 0.004
1914 0.004
1915 0.004
1916 0.004
1917 0.004
1918 0.004
1919 0.005
1920 0.005
1921 0.005
1922 0.006
1923 0.006
1924 0.006
1925 0.006
1926 0.007
1927 0.007
1928 0.008
1929 0.008
1930 0.008
1931 0.009
1932 0.009
1933 0.009
1934 0.01
1935 0.01
1936 0.011
1937 0.012
1938 0.012
1939 0.013
1940 0.013
1941 0.014
1942 0.015
1943 0.016
1944 0.017
1945 0.018
1946 0.019
1947 0.021
1948 0.023
1949 0.026
1950 0.028
1951 0.032
1952 0.035
1953 0.039
1954 0.042
1955 0.046
1956 0.051
1957 0.057
1958 0.063
1959 0.07
1960 0.077
1961 0.085
1962 0.094
1963 0.105
1964 0.118
1965 0.131
1966 0.148
1967 0.166
1968 0.186
1969 0.208
1970 0.233
1971 0.261
1972 0.29
1973 0.324
1974 0.359
1975 0.401
1976 0.44
1977 0.481
1978 0.521
1979 0.563
1980 0.599
1981 0.637
1982 0.674
1983 0.709
1984 0.745
1985 0.785
1986 0.824
1987 0.867
1988 0.914
1989 0.962
1990 1.005
1991 1.044
1992 1.078
1993 1.104
1994 1.122
1995 1.135
1996 1.147
1997 1.157
1998 1.164
1999 1.172
2000 1.179
2001 1.187
2002 1.195
2003 1.202
2004 1.209
2005 1.214
