1850   0.791
1851   0.792
1852   0.794
1853   0.795
1854   0.797
1855   0.798
1856   0.799
1857   0.801
1858   0.802
1859   0.804
1860   0.805
1861   0.807
1862   0.808
1863   0.810
1864   0.811
1865   0.813
1866   0.815
1867   0.816
1868   0.818
1869   0.819
1870   0.821
1871   0.823
1872   0.824
1873   0.826
1874   0.827
1875   0.829
1876   0.831
1877   0.832
1878   0.834
1879   0.835
1880   0.837
1881   0.839
1882   0.841
1883   0.843
1884   0.845
1885   0.846
1886   0.848
1887   0.850
1888   0.852
1889   0.854
1890   0.856
1891   0.858
1892   0.861
1893   0.863
1894   0.865
1895   0.867
1896   0.870
1897   0.872
1898   0.874
1899   0.877
1900   0.879
1901   0.883
1902   0.887
1903   0.891
1904   0.896
1905   0.900
1906   0.905
1907   0.909
1908   0.914
1909   0.919
1910   0.924
1911   0.928
1912   0.933
1913   0.938
1914   0.944
1915   0.949
1916   0.955
1917   0.960
1918   0.966
1919   0.972
1920   0.978
1921   0.983
1922   0.989
1923   0.995
1924   1.001
1925   1.007
1926   1.013
1927   1.019
1928   1.025
1929   1.031
1930   1.036
1931   1.042
1932   1.047
1933   1.053
1934   1.058
1935   1.063
1936   1.068
1937   1.073
1938   1.078
1939   1.083
1940   1.088
1941   1.094
1942   1.099
1943   1.104
1944   1.109
1945   1.115
1946   1.120
1947   1.127
1948   1.133
1949   1.140
1950   1.147
1951   1.155
1952   1.163
1953   1.173
1954   1.182
1955   1.192
1956   1.202
1957   1.213
1958   1.224
1959   1.235
1960   1.247
1961   1.259
1962   1.272
1963   1.285
1964   1.298
1965   1.312
1966   1.326
1967   1.340
1968   1.355
1969   1.370
1970   1.386
1971   1.401
1972   1.417
1973   1.433
1974   1.449
1975   1.465
1976   1.481
1977   1.497
1978   1.514
1979   1.530
1980   1.548
1981   1.567
1982   1.586
1983   1.606
1984   1.624
1985   1.638
1986   1.650
1987   1.662
1988   1.673
1989   1.683
1990   1.694
1991   1.704
1992   1.712
1993   1.716
1994   1.721
1995   1.726
1996   1.730
1997   1.735
1998   1.743
1999   1.749
2000   1.751
2001   1.751
2002   1.752
2003   1.755
2004   1.755
2005   1.754
