1850   0.2754
1851   0.2755
1852   0.2756
1853   0.2757
1854   0.2758
1855   0.2759
1856   0.2760
1857   0.2761
1858   0.2762
1859   0.2763
1860   0.2764
1861   0.2765
1862   0.2766
1863   0.2767
1864   0.2768
1865   0.2769
1866   0.2770
1867   0.2771
1868   0.2772
1869   0.2773
1870   0.2774
1871   0.2774
1872   0.2775
1873   0.2776
1874   0.2777
1875   0.2778
1876   0.2778
1877   0.2779
1878   0.2780
1879   0.2781
1880   0.2782
1881   0.2783
1882   0.2784
1883   0.2785
1884   0.2786
1885   0.2787
1886   0.2788
1887   0.2789
1888   0.2789
1889   0.2790
1890   0.2791
1891   0.2792
1892   0.2793
1893   0.2794
1894   0.2794
1895   0.2795
1896   0.2795
1897   0.2796
1898   0.2797
1899   0.2797
1900   0.2798
1901   0.2799
1902   0.2800
1903   0.2801
1904   0.2802
1905   0.2803
1906   0.2804
1907   0.2805
1908   0.2807
1909   0.2808
1910   0.2810
1911   0.2811
1912   0.2813
1913   0.2815
1914   0.2816
1915   0.2818
1916   0.2820
1917   0.2822
1918   0.2825
1919   0.2827
1920   0.2829
1921   0.2832
1922   0.2834
1923   0.2836
1924   0.2838
1925   0.2840
1926   0.2842
1927   0.2845
1928   0.2846
1929   0.2848
1930   0.2850
1931   0.2851
1932   0.2853
1933   0.2855
1934   0.2857
1935   0.2859
1936   0.2861
1937   0.2863
1938   0.2864
1939   0.2866
1940   0.2867
1941   0.2869
1942   0.2871
1943   0.2873
1944   0.2875
1945   0.2878
1946   0.2880
1947   0.2883
1948   0.2885
1949   0.2888
1950   0.2890
1951   0.2892
1952   0.2894
1953   0.2897
1954   0.2899
1955   0.2901
1956   0.2904
1957   0.2906
1958   0.2908
1959   0.2911
1960   0.2914
1961   0.2917
1962   0.2919
1963   0.2922
1964   0.2926
1965   0.2930
1966   0.2934
1967   0.2938
1968   0.2942
1969   0.2947
1970   0.2952
1971   0.2957
1972   0.2962
1973   0.2968
1974   0.2974
1975   0.2980
1976   0.2986
1977   0.2994
1978   0.3001
1979   0.3007
1980   0.3014
1981   0.3022
1982   0.3031
1983   0.3038
1984   0.3044
1985   0.3051
1986   0.3058
1987   0.3063
1988   0.3072
1989   0.3085
1990   0.3095
1991   0.3101
1992   0.3106
1993   0.3111
1994   0.3116
1995   0.3123
1996   0.3130
1997   0.3138
1998   0.3145
1999   0.3153
2000   0.3159
2001   0.3165
2002   0.3172
2003   0.3180
2004   0.3187
2005   0.3194
